{
  "tests/test_distance.py::TestDistance::()::test_get_distance_matrix": true,
  "tests/test_distance.py::TestDistance::()::test_get_distance_matrix[test_input1-False-files1-Quasispecies,test1.bam,test2.bam,test3.bam,test4.bam,test5.bam,test6.bam,test7.bam,test8.bam\\ntest1.bam,1.00000000,0.02940769,0.02940769,0.02940769,0.04156468,0.04156468,0.04156468,0.05089630\\ntest2.bam,0.02940769,1.00000000,0.00000200,0.00000200,0.70710749,0.00000212,0.70710749,0.57735142\\ntest3.bam,0.02940769,0.00000200,1.00000000,0.00000200,0.00000212,0.70710749,0.70710749,0.57735142\\ntest4.bam,0.02940769,0.00000200,0.00000200,1.00000000,0.70710749,0.70710749,0.00000212,0.57735142\\ntest5.bam,0.04156468,0.70710749,0.00000212,0.70710749,1.00000000,0.50000100,0.50000100,0.81649699\\ntest6.bam,0.04156468,0.00000212,0.70710749,0.70710749,0.50000100,1.00000000,0.50000100,0.81649699\\ntest7.bam,0.04156468,0.70710749,0.70710749,0.00000212,0.50000100,0.50000100,1.00000000,0.81649699\\ntest8.bam,0.05089630,0.57735142,0.57735142,0.57735142,0.81649699,0.81649699,0.81649699,1.00000000]": true,
  "tests/test_distance.py::TestDistance::()::test_get_distance_matrix[test_input1-None-Quasispecies,test1.bam,test2.bam,test3.bam,test4.bam,test5.bam,test6.bam,test7.bam,test8.bam\\ntest1.bam,1.00000000,0.02940769,0.02940769,0.02940769,0.04156468,0.04156468,0.04156468,0.05089630\\ntest2.bam,0.02940769,1.00000000,0.00000200,0.00000200,0.70710749,0.00000212,0.70710749,0.57735142\\ntest3.bam,0.02940769,0.00000200,1.00000000,0.00000200,0.00000212,0.70710749,0.70710749,0.57735142\\ntest4.bam,0.02940769,0.00000200,0.00000200,1.00000000,0.70710749,0.70710749,0.00000212,0.57735142\\ntest5.bam,0.04156468,0.70710749,0.00000212,0.70710749,1.00000000,0.50000100,0.50000100,0.81649699\\ntest6.bam,0.04156468,0.00000212,0.70710749,0.70710749,0.50000100,1.00000000,0.50000100,0.81649699\\ntest7.bam,0.04156468,0.70710749,0.70710749,0.00000212,0.50000100,0.50000100,1.00000000,0.81649699\\ntest8.bam,0.05089630,0.57735142,0.57735142,0.57735142,0.81649699,0.81649699,0.81649699,1.00000000]": true,
  "tests/test_distance.py::TestDistance::()::test_get_distance_matrix[test_input1-None-files1-Quasispecies,test1.bam,test2.bam,test3.bam,test4.bam,test5.bam,test6.bam,test7.bam,test8.bam\\ntest1.bam,1.00000000,0.02940769,0.02940769,0.02940769,0.04156468,0.04156468,0.04156468,0.05089630\\ntest2.bam,0.02940769,1.00000000,0.00000200,0.00000200,0.70710749,0.00000212,0.70710749,0.57735142\\ntest3.bam,0.02940769,0.00000200,1.00000000,0.00000200,0.00000212,0.70710749,0.70710749,0.57735142\\ntest4.bam,0.02940769,0.00000200,0.00000200,1.00000000,0.70710749,0.70710749,0.00000212,0.57735142\\ntest5.bam,0.04156468,0.70710749,0.00000212,0.70710749,1.00000000,0.50000100,0.50000100,0.81649699\\ntest6.bam,0.04156468,0.00000212,0.70710749,0.70710749,0.50000100,1.00000000,0.50000100,0.81649699\\ntest7.bam,0.04156468,0.70710749,0.70710749,0.00000212,0.50000100,0.50000100,1.00000000,0.81649699\\ntest8.bam,0.05089630,0.57735142,0.57735142,0.57735142,0.81649699,0.81649699,0.81649699,1.00000000]": true,
  "tests/test_distance.py::TestDistance::()::test_normalize_sum_to_one": true
}